VERTICES
1
8
43
135
359
344
653
752
1050
1321
1641
1710
1928
2123
2269
2495
2586
2688
2744
2827
2931
2901
2769
2629
2569
2203
1969
8636
1615
1483
1277
902
931
871
637
335
338
153
100
143
153
338
335
637
871
931
1298
1277
1483
1615
8636
1969
2203
2569
2629
2769
2901
2931
2827
2744
2688
2586
2495
2426
2313
2314
2103
1976
1931
11099
1802
1606
1552
1617
1555
1552
1606
1802
1864
2131
2310
2420
2599
2637
2761
2797
2811
2894
2836
2863
2931
2901
2769
2629
2569
2203
2062
8636
1615
1483
1385
1005
1004
512
10116
9165
238
134
76
48
15
20
54
1
100
1617
177
177
EDGES
2774
3370
3357
3345
3380
2781
16014
16010
15989
11596
10322
10307
10286
10330
13811
13822
13830
13857
13890
13764
13793
13775
13741
13732
12223
10483
10368
10391
16419
16452
16480
16487
16504
3385
2828
2874
2956
2988
3021
2988
2956
2874
2828
3385
16504
16488
16457
16452
16419
10391
10368
10483
12223
13732
13741
13775
13793
13764
13890
13857
13830
13822
13813
27930
10260
10268
10277
10295
10234
10236
10251
10250
11628
9717
11628
10250
10251
10231
10218
10261
28090
27923
27911
27912
13866
13877
5190
13904
13766
13763
13793
13775
13741
13732
12223
10485
10362
10391
16419
16445
16479
16553
16559
3412
34627
3105
3000
3127
3129
2359
2648
2354
2320
